version https://git-lfs.github.com/spec/v1
oid sha256:55d3a6cdea0a5ec111a0d0b82787029c01d0783e1d2eb4977565c88b729801aa
size 608
